10000100000010100000000001100100
10000100000000010000000000111101
10000100000000100000000000001001
10000100000000110000000001010010
10000100000001000000000000010001
10000100000001010000000000110010
10000100000001100000000000001001
10000100000001110000000001001001
10011101010000010000000000000000
10011101010000100000000000000001
10011101010000110000000000000010
10011101010001000000000000000011
10011101010001010000000000000100
10011101010001100000000000000101
10011101010001110000000000000110
10000100000110110000000000000111
10000100000101000000000000000001
10110110100110110000000000010001
00000000000101001010100000000000
00000010101010101010100000000000
10011010101101100000000000000000
10000110100101111111111111111111
10101110111000000000000000000111
00000000000101111100000000000000
00000011000010101100000000000000
10011011000110010000000000000000
10110110110110010000000000000011
10011111000110010000000000000001
10000110111101111111111111111111
01000100000000000000000000010110
00000000000101111100000000000000
00000011000010101100000000000000
10011111000101100000000000000001
10000110100101000000000000000001
01000100000000000000000000010001
10011001010000010000000000000000
10011001010000100000000000000001
10011001010000110000000000000010
10011001010001000000000000000011
10011001010001010000000000000100
10011001010001100000000000000101
10011001010001110000000000000110
10011001010010000000000000000111

