addi 10,0,100
addi 1,0,8
addi 2,0,100
addi 3,0,0
addi 4,0,3
addi 5,0,7
addi 6,0,9
addi 7,0,2
sw 1,0(10)
sw 2,1(10)
sw 3,2(10)
sw 4,3(10)
sw 5,4(10)
sw 6,5(10)
sw 7,6(10)
addi 27,0,7
addi 20,0,1
bge 20,27,17
add 21,0,20
add 21,21,10 
lw  22,0(21)
addi 23,20,-1 
blt 23,0,7 
add 24,0,23
add 24,24,10 
lw  25,0(24)
ble 25,22,3 
sw 25, 1(24) 
addi 23,23,-1
j 22
add 24,0,23
add 24,24,10
sw 22, 1(24)
addi 20,20,1
j 17
lw 1,0(10)
lw 2,1(10)
lw 3,2(10)
lw 4,3(10)
lw 5,4(10)
lw 6,5(10)
lw 7,6(10)
lw 8,7(10)
